[17, 43, 2, 0, -0.13172102217274348]
[59, 46, 2, 0, 0.04562433573257238]
[19, 26, 1, 0, -0.1344067940736991]
[57, 8, 1, 0, 0.2389648472590782]
[50, 59, 0, 0, 0.06907516924040849]
[24, 53, 1, 0, -0.13557638525028506]
[24, 14, 1, 0, 0.11661537642380528]
[44, 53, 1, 0, -0.03540406707558334]
[42, 23, 0, 0, 0.10381968238912227]
[46, 31, 1, 0, 0.1367487187299122]
[57, 13, 1, 0, 0.21455742949587872]
[40, 0, 0, 0, 0.15031552339629195]
[25, 24, 1, 0, 0.005076185732008954]
[37, 42, 2, 0, -0.14295372454670616]
[52, 48, 1, 0, 0.016195747895617642]
[23, 29, 0, 0, -0.12965568766128263]
[31, 53, 1, 0, -0.09562509376912819]
[42, 33, 0, 0, 0.10452460284988464]
[22, 54, 1, 0, -0.20612239754677147]
[42, 21, 2, 0, 0.275023168459636]
[10, 7, 0, 0, 0.04465440332365919]
[54, 34, 2, 0, 0.15062380022197486]
[30, 42, 0, 0, -0.07833241160029547]
[31, 39, 2, 0, -0.15363654096447524]
[5, 37, 0, 0, -0.20273255405408214]
[53, 59, 1, 0, 0.045348280735406]
[18, 25, 1, 0, -0.16021642058264918]
[38, 58, 1, 0, -0.038558651672215644]
[51, 15, 2, 0, 0.2948420993391552]
[26, 59, 2, 0, -0.09754464281197796]
[14, 6, 1, 0, 0.10997469467340491]
[6, 18, 2, 0, -0.12476035291343943]
[46, 16, 2, 0, 0.1867244471046031]
[61, 43, 0, 0, -0.037734515482483744]
[60, 55, 0, 0, 0.036527393084531554]
[31, 26, 1, 0, 0.007049462189750838]
[17, 53, 1, 0, -0.20021365703910382]
[60, 2, 1, 0, 0.17945285228070817]
[54, 8, 1, 0, 0.2006290591552675]
[36, 37, 2, 0, 0.004040426026969337]
[56, 46, 0, 0, 0.011190701098067456]
[0, 21, 2, 0, -0.09450527247237551]
[56, 52, 0, 0, -0.04456388994800352]
[9, 16, 2, 0, -0.08037568192930514]
[35, 23, 0, 0, 0.10360801230905427]
[10, 29, 0, 0, -0.015385829333376773]
[42, 1, 2, 0, 0.3267236553566305]
[8, 51, 0, 0, -0.12902074558274346]
[54, 3, 1, 0, 0.20780873978609107]
[9, 23, 2, 0, -0.057581213326072266]
[58, 17, 1, 0, 0.14354403592015752]
[62, 44, 1, 0, 0.04350568849481485]
[34, 46, 0, 0, 0.002024294263000166]
[59, 30, 1, 0, 0.08131464934140537]
[61, 4, 1, 0, 0.20737589683818428]
[43, 32, 0, 0, 0.04359395753909043]
[11, 48, 1, 0, -0.26385757813432364]
[4, 1, 1, 0, -0.05984845591933401]
[36, 57, 1, 0, -0.07738990425240969]
[0, 44, 1, 0, -0.2545991420533078]
[49, 30, 0, 0, 0.05734922214571518]
[2, 6, 1, 0, 0.019136273102437967]
[2, 25, 0, 0, -0.11179951421717955]
[45, 23, 0, 0, 0.17343547192105574]
[36, 45, 2, 0, -0.13351313878665116]
[54, 45, 0, 0, -0.0644755131354715]
[55, 59, 2, 0, 0.040672819726976304]
[40, 9, 1, 0, 0.16043023557454994]
[48, 13, 2, 0, 0.26137171231501305]
[47, 12, 1, 0, 0.1645909016792667]
[38, 47, 1, 0, 0.008130260435890053]
[52, 0, 1, 0, 0.2227778823849928]
[0, 8, 0, 0, -0.13002069152567566]
[54, 47, 2, 0, 0.08470907597902347]
[17, 46, 2, 0, -0.20821552759804438]
[7, 1, 1, 0, -0.021236761279364195]
[51, 35, 2, 0, 0.08505298451291546]
[3, 24, 0, 0, -0.057815091147641225]
[24, 46, 2, 0, -0.16598814634139256]
[9, 21, 0, 0, -0.02747384839195183]
[42, 14, 0, 0, 0.04562433573257238]
[13, 40, 1, 0, -0.26491106222832284]
[57, 30, 1, 0, 0.18680497093347317]
[2, 39, 0, 0, -0.08563586030368485]
[42, 31, 0, 0, 0.07455167525000718]
[27, 37, 1, 0, -0.14974429251938484]
[26, 33, 0, 0, -0.03540406707558334]
[53, 21, 0, 0, 0.0833568295639818]
[36, 59, 0, 0, 0.04765508990216247]
[38, 37, 1, 0, -0.0010152287751908646]
[9, 62, 0, 0, -0.09376980407086018]
[54, 42, 1, 0, -0.004056817387084999]
[32, 35, 1, 0, -0.010225305235645497]
[8, 43, 1, 0, -0.19053169626076366]
[3, 20, 1, 0, -0.11387063028141958]
[7, 8, 1, 0, -0.018183822085437302]
[18, 3, 0, 0, 0.08912411570315928]
[53, 21, 1, 0, 0.16010022822673808]
[58, 28, 1, 0, 0.10608725997181788]
[46, 44, 1, 0, 0.029271727806305114]
[29, 1, 2, 0, 0.16425203348601808]
[22, 9, 0, 0, 0.001013171572616123]
[8, 14, 1, 0, -0.012195726562079562]
[35, 20, 1, 0, 0.12939001561983784]
[21, 31, 0, 0, -0.006085267810127589]
[54, 4, 1, 0, 0.2532459612544362]
[26, 48, 1, 0, -0.13881586829913983]
[29, 3, 0, 0, 0.10700553387546857]
[10, 59, 0, 0, -0.1001296287403111]
[41, 9, 1, 0, 0.2027325540540821]
[40, 41, 1, 0, -0.051822992295292886]
[17, 58, 1, 0, -0.23714103131373523]
[0, 35, 2, 0, -0.17919879862508944]
[33, 37, 1, 0, 0.02231607701038429]
[4, 12, 1, 0, -0.129922459082319]
[23, 32, 2, 0, -0.18680497093347312]
[48, 9, 2, 0, 0.2527101025995414]
[0, 3, 0, 0, -0.00506589946520342]
[50, 58, 2, 0, 0.054821588724913634]
[14, 55, 2, 0, -0.28141045944218535]
[42, 14, 0, 0, 0.1497442925193849]
[14, 30, 2, 0, -0.2874171717833331]
[10, 15, 0, 0, -0.03129174315088382]
[8, 62, 1, 0, -0.22646582267354404]
[28, 4, 1, 0, 0.19092762123451534]
[20, 0, 2, 0, 0.04659239024600568]
[60, 15, 2, 0, 0.22611122806408748]
[46, 52, 1, 0, -0.06744903658535922]
[20, 49, 1, 0, -0.21788522880174654]
[17, 32, 0, 0, -0.029330956324293108]
[7, 36, 0, 0, -0.1255282983217679]
[54, 3, 1, 0, 0.2251654318235153]
[52, 14, 0, 0, 0.19683526580766375]
[23, 43, 1, 0, -0.09078778322861655]
[39, 14, 1, 0, 0.17846000597316528]
[20, 33, 0, 0, -0.08985407614121897]
[18, 32, 1, 0, -0.10084811569725527]
[54, 2, 0, 0, 0.1482541275400265]
[56, 50, 2, 0, -0.010060701599710476]
[39, 42, 2, 0, -0.06200828649159207]
[29, 57, 2, 0, -0.2363193384418702]
[22, 51, 1, 0, -0.1896791811352218]
[54, 42, 0, 0, 0.007121178357771584]
[36, 57, 2, 0, -0.14472677605008147]
[26, 53, 1, 0, -0.1339929112380283]
[55, 18, 0, 0, 0.06130116104616624]
[3, 17, 0, 0, -0.08891862217331298]
[56, 54, 1, 0, -0.0070636896296051134]
[29, 40, 1, 0, -0.12000598521682528]
[51, 13, 1, 0, 0.2414258858617923]
[47, 49, 0, 0, 0.0020284003478072345]
[17, 21, 0, 0, -0.008113768310878403]
[17, 40, 1, 0, -0.141758319736359]
[44, 16, 2, 0, 0.17170835448701205]
[13, 48, 2, 0, -0.2992765383451322]
[50, 35, 1, 0, 0.09227312590803287]
[24, 16, 2, 0, 0.12462495570929351]
[43, 16, 1, 0, 0.09839518395693563]
[44, 7, 0, 0, 0.14679438208358564]
[24, 61, 0, 0, -0.11225780366319553]
[37, 44, 2, 0, -0.08481030079969509]
[48, 3, 1, 0, 0.1736472376266482]
[56, 60, 2, 0, -0.00506589946520342]
[3, 26, 2, 0, -0.29799171605314884]
[32, 45, 0, 0, -0.050960565677958466]
[42, 49, 0, 0, -0.02741803593827505]
[22, 40, 1, 0, -0.18836131962125505]
[19, 2, 0, 0, 0.05889151782819173]
[21, 14, 0, 0, 0.08053992070485373]
[39, 24, 2, 0, 0.07045272653861896]
[51, 32, 0, 0, -0.03141864202953352]
[7, 61, 2, 0, -0.272834280227286]
[20, 14, 0, 0, 0.00809734295999041]
[30, 9, 2, 0, 0.17170835448701205]
[20, 56, 1, 0, -0.16962452600593247]
[5, 51, 0, 0, -0.1308225493343928]
[44, 36, 0, 0, 0.03526133402212487]
[54, 56, 0, 0, -0.014228602407017692]
[17, 4, 0, 0, 0.058169496042074886]
[19, 21, 2, 0, -0.03645338540404389]
[18, 10, 0, 0, 0.036453385404043866]
[53, 29, 0, 0, 0.04988875390633267]
[55, 32, 2, 0, 0.09357848814771426]
[59, 10, 2, 0, 0.22646582267354406]
[53, 46, 2, 0, 0.037581134254313885]
[61, 45, 0, 0, -0.05674097687849631]
[16, 37, 1, 0, -0.10700553387546859]
[21, 16, 2, 0, -0.05816949604207489]
[31, 39, 1, 0, -0.09931514741793923]
[11, 0, 0, 0, -0.016163023508574802]
[10, 57, 0, 0, -0.09171974994764776]
[39, 52, 2, 0, -0.06150745720785821]
[31, 22, 0, 0, -0.01715607249438941]
[33, 42, 0, 0, -0.09655016341320859]
[26, 37, 1, 0, -0.09041783620976515]
[53, 47, 1, 0, 0.03961461827378743]
[17, 26, 2, 0, -0.11795290146403038]
[18, 12, 0, 0, 0.029510089199562193]
[60, 6, 0, 0, 0.09319819555211357]
[51, 56, 2, 0, -0.051822992295292886]
[51, 62, 1, 0, -0.06296339661965161]
[41, 59, 2, 0, -0.032531796673530886]
[1, 17, 1, 0, -0.2325286026552049]
[52, 21, 2, 0, 0.22444733301775022]
[8, 13, 0, 0, -0.044836538362245146]
[23, 60, 1, 0, -0.16420313133917488]
[38, 21, 0, 0, 0.09992475440067296]
[46, 22, 2, 0, 0.18080661278965754]
[46, 21, 0, 0, 0.1054395161884228]
[22, 45, 2, 0, -0.17907949535561374]
[34, 57, 0, 0, 0.03025116004897168]
[51, 54, 0, 0, 0.06404682066219673]
[40, 39, 0, 0, 0.06080356604739349]
[51, 29, 2, 0, 0.1795705182169629]
[26, 11, 1, 0, 0.21160477670361807]
[29, 22, 1, 0, 0.17674179122387487]
[26, 41, 2, 0, -0.22741841835112298]
[5, 2, 1, 0, 0.04059022833941831]
[54, 31, 2, 0, 0.17343547192105574]
[58, 44, 1, 0, -0.0496862369066018]
[41, 20, 1, 0, 0.2524550189069376]
[51, 60, 1, 0, 0.01818382208543729]
[43, 57, 0, 0, 0.05972713936684296]
[57, 26, 1, 0, 0.16754215567318237]
[62, 54, 0, 0, -0.15243893560149782]
[37, 26, 2, 0, 0.1277058725763046]
[56, 53, 0, 0, -0.08633341078406165]
[58, 46, 2, 0, 0.07691901663581999]
[13, 49, 0, 0, -0.11861574582584676]
[14, 28, 0, 0, -0.09981737399781525]
[3, 39, 0, 0, -0.08120365806318845]
[41, 16, 0, 0, 0.11868035675352048]
[21, 27, 1, 0, -0.12383239459667837]
[25, 62, 1, 0, -0.13970634048463723]
[13, 54, 0, 0, -0.1344067940736991]
[37, 56, 2, 0, -0.12115673371096507]
[57, 53, 2, 0, 0.0566261031980127]
[48, 42, 1, 0, 0.024395082084716024]
[12, 45, 1, 0, -0.24833593816394856]
[46, 32, 1, 0, 0.10339720665634018]
[26, 11, 0, 0, 0.12706982584158694]
[47, 1, 2, 0, 0.2957836938710125]
[10, 41, 2, 0, -0.31585231856375107]
[55, 31, 1, 0, 0.11202818828578472]
[46, 4, 1, 0, 0.2738530796371638]
[19, 25, 2, 0, -0.06717402626553914]
[15, 56, 2, 0, -0.299133971184851]
[29, 35, 0, 0, -0.06378707932573781]
[39, 32, 0, 0, 0.019174902687433076]
[41, 46, 2, 0, -0.07111354979603825]
[15, 40, 1, 0, -0.22230952276386143]
[37, 34, 1, 90, -0.19388276550438172]
[30, 40, 1, 90, -0.24010138177600365]
[19, 48, 1, 90, -0.1325377589114334]
[25, 5, 0, 90, 0.0979962811241293]
[57, 6, 1, 90, 0.21803987196388552]
[37, 36, 1, 90, -0.13234627711354108]
[55, 22, 2, 90, -0.04341777640667648]
[29, 39, 1, 90, 0.08633341078406191]
[53, 18, 1, 90, -0.13433956266308292]
[12, 32, 2, 90, -0.12643001182134325]
[44, 3, 0, 90, -0.010142335585752775]
[37, 32, 1, 90, -0.19809312810628732]
[22, 0, 1, 90, -0.1583519746973734]
[61, 51, 2, 90, -0.21072599312309395]
[12, 32, 2, 90, -0.16840945857928677]
[61, 16, 1, 90, -0.21833905084518732]
[16, 15, 2, 90, 0.28040443410608096]
[31, 56, 2, 90, -0.3450515190893585]
[32, 53, 2, 90, 0.2600111672578325]
[55, 12, 0, 90, -0.07503931517386694]
[46, 33, 2, 90, -0.24295954227581767]
[34, 4, 1, 90, 0.08463692070073962]
[19, 50, 1, 90, -0.08021211306224839]
[22, 28, 0, 90, -0.06092720498934428]
[31, 2, 1, 90, -0.2665213695783439]
[28, 25, 0, 90, -0.05482158872491369]
[3, 9, 2, 90, -0.15802638479049827]
[62, 7, 0, 90, -0.004048605116309849]
[23, 29, 0, 90, -0.07613460586377627]
[62, 13, 0, 90, -0.06417748729089107]
[6, 52, 2, 90, -0.19428640727182947]
[40, 50, 0, 90, 0.003051891469008943]
[43, 13, 0, 90, 0.11066185729861192]
[12, 7, 1, 90, 0.2141110476153902]
[48, 38, 2, 90, 0.2848411557180654]
[46, 55, 2, 90, 0.03945423071026182]
[4, 58, 0, 90, -0.019174902687433104]
[37, 39, 2, 90, 0.15475914486693632]
[36, 60, 0, 90, 0.023307157612379784]
[7, 11, 1, 90, -0.2768311040676588]
[3, 36, 1, 90, 0.07723230114549415]
[57, 28, 1, 90, 0.17747465898563136]
[56, 38, 1, 90, 0.2338461264742076]
[28, 47, 2, 90, 0.1829070974526141]
[9, 39, 2, 90, 0.3060716982034292]
[29, 61, 1, 90, -0.037428995469674736]
[49, 59, 0, 90, 0.1385312518121603]
[30, 16, 2, 90, -0.27544797732121373]
[55, 39, 1, 90, -0.003039523038191169]
[38, 48, 0, 90, -0.07613460586377627]
[48, 34, 1, 90, 0.019409995924791118]
[1, 10, 1, 90, -0.024247174969305424]
[22, 18, 1, 90, -0.30516544025721953]
[3, 7, 0, 90, 0.16425203348601808]
[42, 55, 0, 90, 0.1533199930981976]
[21, 0, 0, 90, -0.06473674722756408]
[48, 27, 0, 90, -0.04465440332365919]
[1, 54, 1, 90, 0.20231256242921977]
[56, 15, 2, 90, 0.3082953409314728]
[59, 58, 1, 90, -0.04350568849481484]
[23, 42, 2, 90, -0.29705789997688326]
[14, 46, 1, 90, -0.01522960374235423]
[24, 16, 0, 90, -0.01619574789561787]
[38, 16, 2, 90, -0.35340740964430456]
[30, 5, 2, 90, -0.16097206802915145]
[30, 47, 0, 90, -0.021279807209398118]
[4, 36, 1, 90, 0.014085438483348112]
[30, 16, 1, 90, -0.24111456216000124]
[5, 20, 0, 90, -0.11656954557294419]
[18, 59, 2, 90, 0.05374977695328785]
[44, 12, 1, 90, -0.015198738592185465]
[24, 16, 0, 90, 0.0385586516722156]
[35, 3, 0, 90, 0.01522960374235422]
[48, 22, 1, 90, 0.18843385047899575]
[20, 52, 0, 90, -0.008130260435890315]
[9, 23, 1, 90, 0.26242857728512436]
[36, 40, 0, 90, -0.03533255633965693]
[27, 37, 2, 90, 0.18796977776082904]
[62, 55, 2, 90, 0.09694550423838626]
[41, 43, 0, 90, -0.03526133402212504]
[53, 11, 0, 90, -0.03463706294170269]
[36, 6, 2, 90, 0.10608725997181788]
[55, 17, 1, 90, -0.2904189028039581]
[12, 21, 1, 90, 0.09469830944446657]
[32, 29, 2, 90, 0.2061052481238479]
[53, 60, 1, 90, -0.04350568849481484]
[37, 30, 2, 90, 0.15356724918929804]
[35, 59, 2, 90, -0.02945013554986363]
[22, 2, 1, 90, -0.17415334713410802]
[26, 49, 2, 90, -0.08352704233158323]
[37, 11, 2, 90, -0.22894311923588573]
[14, 10, 0, 90, -0.17624464606520007]
[14, 26, 0, 90, -0.14354613795724175]
[32, 55, 2, 90, 0.2981366393897188]
[40, 6, 0, 90, 0.11452431660096192]
[19, 62, 0, 90, 0.15539710616376465]
[44, 32, 0, 90, -0.05459964598249611]
[40, 19, 2, 90, 0.05589570299405842]
[42, 62, 0, 90, 0.24438789627315835]
[41, 34, 2, 90, 0.1399937251453693]
[3, 41, 0, 90, -0.05865302509769828]
[25, 60, 1, 90, 0.003033376341118571]
[60, 3, 0, 90, -0.027307088736360247]
[20, 7, 0, 90, 0.14886323502268525]
[61, 17, 1, 90, -0.1344067940736991]
[59, 8, 0, 90, -0.021323028024569382]
[29, 33, 1, 90, -0.20905375076167046]
[44, 61, 2, 90, 0.11934513752625477]
[11, 54, 2, 90, 0.19852731479978392]
[0, 44, 2, 90, 0.20694487888370794]
[20, 15, 1, 90, 0.17931690421203275]
[47, 39, 1, 90, 0.03554796084186513]
[9, 23, 1, 90, 0.2661949008409155]
[57, 43, 0, 90, -0.07628979379760867]
[30, 11, 0, 90, -0.12206007632343953]
[23, 58, 1, 90, -0.19092762123451537]
[47, 8, 0, 90, -0.10952678303134239]
[61, 25, 0, 90, -0.13881586829913983]
[36, 15, 0, 90, 0.1553155027186627]
[5, 18, 1, 90, -0.2023104349914419]
[56, 12, 0, 90, 0.021193889174991206]
[28, 3, 1, 90, -0.05171779362412102]
[34, 26, 1, 90, 0.004040426026969337]
[15, 43, 1, 90, -0.20610524812384814]
[29, 25, 1, 90, -0.18005864406485245]
[16, 58, 0, 90, -0.027307088736360247]
[26, 15, 1, 90, 0.2179621577964364]
[1, 56, 1, 90, 0.0662207371302486]
[36, 43, 2, 90, -0.1758804645681516]
[35, 14, 2, 90, 0.1888252099626436]
[46, 45, 2, 90, -0.19595278916126607]
[35, 5, 1, 90, 0.14531292424789707]
[30, 1, 1, 90, -0.25568300913355874]
[5, 19, 0, 90, -0.1382080089615708]
[17, 28, 2, 90, 0.1518128614244585]
[19, 34, 0, 90, -0.007121178357771608]
[41, 48, 1, 90, 0.07250189689337967]
[23, 22, 0, 90, -0.03985766092320909]
[35, 52, 2, 90, 0.10381968238912227]
[56, 60, 0, 90, -0.002020204768502487]
[50, 40, 0, 90, 0.013118815108428546]
[8, 50, 0, 90, -0.04262213993480501]
[43, 15, 0, 90, 0.1470734894471865]
[40, 22, 1, 90, 0.17747465898563136]
[61, 20, 0, 90, -0.11542929422358154]
[48, 33, 2, 90, 0.08488068106021826]
[43, 60, 1, 90, 0.09992475440067296]
[16, 48, 1, 90, -0.01116797697103165]
[13, 11, 1, 90, -0.16719733677353335]
[7, 23, 2, 90, 0.042708875577175884]
[22, 4, 0, 90, -0.03239999661345762]
[23, 26, 0, 90, -0.1840546607821977]
[45, 20, 2, 90, -0.0939619061713122]
[62, 51, 0, 90, -0.20441322790543465]
[40, 19, 2, 90, 0.1459102085552146]
[34, 6, 2, 90, 0.21333066172345175]
[29, 3, 0, 90, -0.04350568849481484]
[57, 21, 0, 90, 0.0579327447635558]
[43, 23, 1, 90, 0.1885056528452183]
[62, 41, 1, 90, -0.2842273683013134]
[49, 5, 2, 90, 0.20357786279303589]
[14, 4, 0, 90, -0.013198735925512463]
[39, 15, 1, 90, -0.01619574789561787]
[51, 49, 0, 90, -0.04341777640667648]
[43, 17, 2, 90, -0.1325377589114334]
[40, 37, 1, 90, 0.1846253122019047]
[49, 25, 0, 90, -0.0855741280979148]
[8, 53, 0, 90, 0.12759145252941323]
[42, 30, 0, 90, 0.12206007632343953]
[14, 40, 1, 90, -0.19473238338086157]
[28, 51, 0, 90, -0.034426549657681785]
[0, 36, 2, 90, 0.1968649259448717]
[25, 29, 0, 90, 0.013225593043584926]
[26, 34, 0, 90, -0.037428995469674736]
[27, 26, 1, 90, -0.07785622403299515]
[39, 0, 0, 90, -0.10656946017214168]
[28, 48, 0, 90, -0.04901881566475974]
[25, 4, 1, 90, 0.0294501355498636]
[7, 19, 1, 90, -0.2570361899324305]
[56, 58, 0, 90, -0.07030891092175262]
[5, 33, 2, 90, -0.2235070555105184]
[62, 58, 0, 90, -0.1687572230998285]
[62, 15, 0, 90, 0.01818382208543729]
[45, 59, 0, 90, 0.014142356919291051]
[23, 50, 1, 90, -0.27842093052634875]
[39, 6, 0, 90, 0.005055654802160347]
[9, 10, 0, 90, -0.12256122901649262]
[18, 0, 1, 90, -0.00915590182116898]
[45, 59, 1, 90, -0.1450244687310236]
[10, 1, 2, 90, -0.026428915932222262]
[61, 24, 0, 90, -0.10587045960819912]
[53, 18, 2, 90, -0.19513747130709455]
[23, 61, 2, 90, -0.16197080834748884]
[11, 37, 1, 90, 0.1766103545353224]
[32, 43, 2, 90, 0.04832732663071709]
[44, 26, 1, 90, -0.06417748729089107]
[29, 24, 0, 90, -0.07833241160029547]
[49, 21, 0, 90, 0.11728612356891625]
[62, 52, 2, 90, -0.2551431974251278]
[3, 10, 1, 90, -0.16217543804443393]
[57, 14, 1, 90, 0.20400320276841846]
[21, 31, 0, 90, -0.003045694696700964]
[53, 1, 1, 90, -0.16580302348501988]
[16, 47, 2, 90, 0.37036933156772356]
[48, 10, 2, 90, 0.00607294915105406]
[2, 16, 0, 90, -0.033379428856124375]
[21, 25, 2, 90, -0.23004309629419495]
[42, 23, 2, 90, 0.2943652532034127]
[25, 13, 1, 90, 0.16163650877724164]
[38, 5, 2, 90, -0.2031543170483018]
[22, 61, 0, 90, -0.021323028024569382]
[23, 44, 1, 90, -0.11271988178728]
[40, 2, 2, 90, 0.0794349478794525]
[16, 56, 0, 90, 0.034637062941702705]
[62, 33, 2, 90, -0.25865431432203445]
[22, 62, 1, 90, -0.003027254454353186]
[18, 39, 2, 90, 0.30594975414353265]
[3, 19, 2, 90, 0.029330956324293122]
[31, 28, 1, 90, -0.19598708918357438]
[52, 43, 1, 90, -0.10431211999487829]
[55, 45, 1, 90, -0.06717402626553914]
[30, 1, 1, 90, -0.2548719789476249]
[43, 46, 0, 90, 0.08318731070648619]
[31, 2, 0, 90, -0.08615795733831674]
[62, 10, 1, 90, -0.18750295031172784]
[9, 45, 0, 90, 0.06826453923871938]
[14, 23, 2, 90, 0.12140515913730282]
[56, 1, 1, 90, -0.048918821497419294]
[3, 6, 2, 90, 0.30034097644392593]
[3, 61, 1, 90, 0.13199214051097888]
[33, 25, 2, 90, 0.039534261737846514]
[20, 33, 2, 90, -0.17257265893732088]
[19, 32, 0, 90, 0.04543992688377503]
[15, 35, 1, 90, -0.22872903509106005]
[29, 36, 2, 90, -0.17257265893732088]
[20, 32, 1, 90, -0.09799628112412956]
[33, 42, 0, 90, -0.01715607249438941]
[19, 32, 1, 90, 0.01522960374235422]
[17, 10, 2, 90, 0.06935743584870951]
[43, 51, 0, 90, -0.02429627761843265]
[13, 30, 2, 90, 0.14502446873102356]
[25, 62, 2, 90, 0.1684094585792865]
[50, 10, 0, 90, 0.006085267810127557]
[11, 53, 0, 90, 0.09060243104693973]
[2, 52, 2, 90, 0.15747555028366628]
[34, 5, 0, 90, 0.10997469467340491]
[40, 31, 2, 90, 0.3564749039280624]
[40, 53, 1, 90, 0.07598004922371973]
[27, 10, 1, 90, -0.06731125010342869]
[48, 62, 2, 90, 0.243266465598473]
[12, 35, 2, 90, -0.13764077962666293]
[23, 32, 1, 180, 0.1326968798949716]
[24, 29, 2, 180, 0.03969530230907458]
[47, 46, 0, 180, -0.05353240971817972]
[0, 37, 0, 180, 0.009118793774890506]
[57, 54, 0, 180, 0.003064360970686663]
[4, 39, 1, 180, 0.07801430732572928]
[18, 42, 0, 180, 0.11452431660096192]
[24, 32, 2, 180, 0.14030745261434424]
[3, 24, 2, 180, 0.14798062226040076]
[45, 9, 0, 180, -0.09227312590803288]
[45, 16, 1, 180, -0.18750295031172784]
[59, 2, 1, 180, -0.2708737670522884]
[33, 28, 2, 180, -0.11270943257567254]
[18, 39, 0, 180, 0.0385586516722156]
[37, 26, 2, 180, -0.14324826792883968]
[21, 18, 1, 180, -0.0070923174959780936]
[49, 50, 0, 180, -0.08598321733937533]
[31, 1, 2, 180, -0.08225185673858043]
[30, 55, 0, 180, 0.18804412894070685]
[62, 3, 2, 180, -0.33525235190509256]
[19, 23, 0, 180, 0.054933238789266196]
[26, 4, 0, 180, -0.018294723716146086]
[36, 6, 0, 180, -0.026321866742710837]
[53, 41, 1, 180, -0.07943494787945227]
[58, 27, 2, 180, -0.2802067771161101]
[19, 51, 1, 180, 0.23072968873136954]
[14, 12, 1, 180, -0.03456660625794086]
[42, 32, 1, 180, -0.08225185673858043]
[26, 2, 2, 180, -0.1268106171894105]
[61, 48, 0, 180, 0.0384805205680643]
[29, 13, 2, 180, -0.09635370341303873]
[37, 62, 1, 180, 0.14177308645386635]
[46, 47, 0, 180, 0.025334699590852158]
[6, 40, 1, 180, 0.16546122391815887]
[36, 4, 2, 180, -0.19683526580766378]
[16, 4, 2, 180, -0.00511775194701332]
[44, 33, 2, 180, -0.23121454145207027]
[0, 44, 0, 180, 0.03031231090821742]
[29, 25, 0, 180, -0.04988875390633262]
[61, 38, 0, 180, -0.11661537642380528]
[6, 23, 2, 180, 0.07754815318763257]
[49, 1, 1, 180, -0.15005229622516914]
[35, 21, 1, 180, -0.17415334713410802]
[25, 6, 2, 180, -0.10678705014902959]
[55, 56, 0, 180, 0.013145347615858758]
[58, 41, 1, 180, -0.07235386951348809]
[41, 14, 2, 180, -0.13557638525028506]
[28, 29, 0, 180, 0.013118815108428546]
[24, 55, 2, 180, 0.22859673442509781]
[7, 19, 0, 180, 0.01632798148702625]
[37, 49, 2, 180, 0.19308055479659808]
[55, 26, 1, 180, -0.13109205025890483]
[39, 1, 2, 180, -0.17710745904893502]
[0, 55, 2, 180, 0.2616748049755141]
[17, 11, 1, 180, -0.014142356919290883]
[14, 17, 1, 180, 0.00707797461506612]
[16, 33, 2, 180, 0.14532339722865448]
[35, 60, 0, 180, 0.08686409587542956]
[23, 34, 2, 180, 0.1367487187299122]
[38, 4, 1, 180, -0.05203467994710319]
[58, 25, 2, 180, -0.2521501575655341]
[51, 8, 2, 180, -0.29515079931943333]
[2, 42, 0, 180, 0.040922624052121555]
[12, 39, 1, 180, 0.05984845591933374]
[48, 54, 0, 180, -0.045810248504442826]
[20, 55, 2, 180, 0.2265871629643161]
[53, 23, 0, 180, -0.12759145252941323]
[12, 43, 1, 180, 0.16109438393378162]
[10, 8, 1, 180, -0.014199737260849058]
[1, 27, 1, 180, 0.03945423071026182]
[28, 46, 2, 180, 0.12306653476945419]
[40, 62, 1, 180, 0.08930548869870945]
[30, 28, 0, 180, 0.02429627761843264]
[16, 24, 2, 180, 0.021323028024569375]
[47, 33, 2, 180, -0.1337874745763432]
[44, 18, 2, 180, -0.27565849256036395]
[59, 28, 0, 180, -0.16546122391815893]
[48, 51, 2, 180, 0.013092389497533394]
[0, 20, 0, 180, -0.04368258571937376]
[61, 39, 0, 180, -0.05278731274849568]
[49, 36, 0, 180, -0.06893489711156027]
[52, 48, 0, 180, 0.056972129674608844]
[18, 60, 1, 180, 0.25975358792540887]
[14, 25, 1, 180, 0.12939001561983784]
[62, 11, 0, 180, -0.1482855099345136]
[33, 11, 2, 180, -0.05769791496963866]
[53, 37, 1, 180, -0.19554426957045304]
[24, 42, 0, 180, 0.024395082084716024]
[37, 57, 0, 180, 0.06473674722756409]
[4, 41, 1, 180, 0.14384103622589042]
[37, 17, 2, 180, -0.21249103096359181]
[57, 9, 2, 180, -0.3481003090234177]
[53, 35, 2, 180, -0.18424305243353858]
[16, 58, 2, 180, 0.33065109243951174]
[29, 14, 0, 180, 0.03750491050243338]
[50, 45, 0, 180, -0.006085267810127589]
[43, 27, 0, 180, -0.15098401484962862]
[48, 55, 0, 180, -0.03750491050243311]
[17, 8, 1, 180, -0.01715607249438941]
[23, 24, 0, 180, -0.029510089199562165]
[3, 60, 1, 180, 0.29769924997087444]
[41, 32, 2, 180, -0.12565721414045303]
[4, 40, 2, 180, 0.19602104388801192]
[24, 54, 0, 180, 0.029390425083783308]
[48, 43, 2, 180, -0.10023342132159005]
[59, 19, 1, 180, -0.25649272590971023]
[38, 7, 0, 180, 0.0650001097974876]
[12, 15, 0, 180, 0.008113768310878377]
[21, 57, 0, 180, 0.13385832060304148]
[43, 25, 0, 180, -0.09727536266018323]
[37, 13, 1, 180, -0.09134634158337145]
[49, 5, 0, 180, -0.014199737260849058]
[36, 37, 2, 180, -0.003045694696700964]
[0, 36, 1, 180, 0.13468272996323719]
[35, 2, 1, 180, -0.06460586574000304]
[26, 13, 0, 180, -0.04553194446143697]
[56, 19, 2, 180, -0.27225307827182826]
[11, 17, 0, 180, -0.019174902687433104]
[16, 37, 0, 180, 0.031355064153728074]
[34, 19, 0, 180, -0.07250189689337966]
[39, 61, 0, 180, 0.038637100855885745]
[48, 44, 0, 180, -0.07817303519534699]
[8, 40, 1, 180, 0.1889644751497796]
[49, 35, 0, 180, -0.20273255405408214]
[18, 30, 2, 180, 0.019291733019578202]
[36, 46, 0, 180, 0.11384968392503524]
[14, 48, 2, 180, 0.3374824307383775]
[29, 21, 0, 180, -0.04075574809364334]
[48, 33, 1, 180, -0.16217543804443393]
[47, 40, 1, 180, -0.024345579584799288]
[23, 9, 1, 180, -0.08268287532369913]
[31, 2, 2, 180, -0.051508673524631475]
[2, 45, 0, 180, 0.00504545149098136]
[2, 49, 2, 180, 0.26217881499228357]
[32, 5, 0, 180, -0.09171974994764776]
[59, 25, 1, 180, -0.22894311923588573]
[43, 48, 0, 180, 0.04581024850444281]
[15, 5, 2, 180, -0.034287623879927086]
[20, 28, 2, 180, 0.10043748234485111]
[34, 43, 1, 180, 0.1459102085552146]
[5, 52, 1, 180, 0.2010376371768265]
[41, 51, 2, 180, 0.14354403592015752]
[10, 43, 0, 180, 0.040426048314547484]
[49, 16, 2, 180, -0.2581082362004336]
[61, 12, 0, 180, -0.11685553720974548]
[10, 17, 1, 180, 0.023260007817446453]
[53, 19, 2, 180, -0.31585231856375107]
[45, 21, 2, 180, -0.26086245711201317]
[16, 27, 0, 180, -0.03358332177192034]
[8, 62, 2, 180, 0.30228358789884446]
[12, 2, 0, 180, 0.061051348400449956]
[18, 9, 1, 180, -0.04765508990216251]
[17, 36, 0, 180, 0.0751920985158906]
[19, 31, 1, 180, 0.0628356042526949]
[16, 41, 0, 180, 0.01325255968999844]
[57, 58, 2, 180, 0.013145347615858758]
[57, 13, 0, 180, -0.15737923819871436]
[42, 39, 2, 180, -0.15395440897095966]
[25, 36, 1, 180, 0.13768440610921195]
[51, 41, 0, 180, 0.0]
[20, 53, 1, 180, 0.20780873978609107]
[20, 36, 2, 180, 0.17870770523322796]
[13, 7, 2, 180, -0.015167998304569575]
[25, 26, 1, 180, -0.01522960374235423]
[33, 48, 2, 180, 0.2094894136374437]
[36, 29, 0, 180, -0.12902074558274346]
[20, 17, 2, 180, 0.027473848391951848]
[61, 30, 0, 180, -0.11728612356891627]
[30, 15, 0, 180, 0.05311110662765371]
[41, 19, 2, 180, -0.18166793944538068]
[29, 9, 0, 180, -0.014199737260849058]
[55, 24, 0, 180, -0.12849154278148708]
[39, 15, 1, 180, -0.12501528312404617]
[47, 24, 0, 180, -0.07068198912264512]
[26, 59, 2, 180, 0.27901361262514246]
[26, 41, 2, 180, 0.14236828111101213]
[16, 18, 0, 180, -0.04474528537553037]
[16, 60, 0, 180, 0.1026080789169129]
[51, 20, 2, 180, -0.2562251597464964]
[24, 62, 1, 180, 0.18757987930641776]
[55, 49, 0, 180, -0.00915590182116898]
[56, 13, 0, 180, -0.14767699484587007]
[8, 21, 2, 180, 0.058169496042074886]
[11, 30, 1, 180, 0.05674097687849652]
[33, 2, 2, 180, -0.17747465898563114]
[6, 62, 2, 180, 0.3412422374079526]
[60, 61, 0, 180, -0.018257606487548726]
[43, 32, 0, 180, -0.04862127377768941]
[19, 46, 1, 180, 0.1382080089615708]
[20, 17, 1, 180, -0.02330715761237978]
[22, 18, 2, 180, 0.0020491831961410925]
[25, 20, 2, 180, 0.010183651412216867]
[19, 31, 2, 180, 0.0920962323648832]
[23, 44, 0, 180, 0.11338665968239409]
[48, 61, 0, 180, -0.022225881285416846]
[12, 42, 1, 180, 0.15933691288005936]
[45, 14, 2, 180, -0.27940869234969923]
[35, 1, 1, 180, -0.11795290146403038]
[57, 40, 2, 180, -0.12271113158094912]
[8, 41, 2, 180, 0.22314355131420976]
[58, 62, 1, 180, -0.044836538362245146]
[23, 55, 0, 180, 0.19935416282264234]
[6, 23, 0, 180, -0.033379428856124375]
[49, 60, 2, 180, 0.08505298451291546]
[29, 59, 2, 180, 0.31352853436547773]
[23, 56, 0, 180, 0.1635785031234181]
[18, 60, 0, 180, 0.19388276550438172]
[43, 45, 2, 180, 0.009155901821168736]
[39, 30, 1, 180, -0.13881586829913983]
[17, 30, 2, 180, 0.11431652179949052]
[28, 45, 0, 180, 0.09879735820712851]
[22, 40, 1, 180, 0.15186975467381966]
[18, 15, 1, 180, -0.07817303519534699]
[21, 19, 2, 180, -0.02335449898280375]
[16, 34, 1, 180, 0.09450527247237554]
[49, 50, 2, 180, 0.05075347317091809]
[61, 42, 1, 180, -0.13226438373853208]
[23, 27, 1, 180, 0.12000598521682528]
[59, 39, 2, 180, -0.2562251597464964]
[22, 56, 2, 180, 0.2513642067666855]
[55, 2, 0, 180, -0.19598708918357438]
[55, 41, 0, 180, -0.0487200530310748]
[25, 7, 0, 180, -0.00804846352108739]
[55, 58, 0, 180, -0.021323028024569382]
[12, 15, 0, 180, 0.08780130327260478]
[27, 49, 1, 180, 0.16043023557454994]
[31, 56, 0, 180, 0.12000598521682528]
[2, 54, 2, 180, 0.28962588122614075]
[5, 18, 1, 180, 0.05289480406691851]
[37, 24, 0, 180, -0.0172957223848096]
[45, 62, 2, 180, 0.1170462829019401]
[59, 40, 2, 180, -0.16197080834748884]
[54, 59, 0, 180, -0.016163023508574802]
[0, 20, 0, 180, -0.10635275845143985]
[12, 8, 0, 180, 0.014199737260848978]
[16, 11, 1, 180, -0.026428915932222262]
[41, 11, 0, 180, -0.10652354553160001]
[50, 57, 2, 180, 0.05578220381386045]
[50, 39, 2, 180, -0.20948941363744367]
[44, 41, 0, 180, 0.045717102979815925]
[56, 9, 0, 180, -0.1610943839337816]
[1, 4, 0, 180, -0.023402033098901254]
[21, 60, 1, 180, 0.230246900939426]
[38, 30, 0, 180, -0.07613460586377627]
[55, 19, 0, 180, -0.12000598521682528]
[42, 11, 0, 180, -0.09767249834012066]
[45, 30, 0, 180, -0.0996116837982791]
[21, 43, 2, 180, 0.2392823807738846]
[37, 56, 1, 180, 0.09839518395693563]
[1, 53, 1, 180, 0.20442174484989573]
[6, 52, 2, 180, 0.32465019950894086]
[41, 1, 2, 270, -0.00911879377489045]
[32, 30, 0, 270, -0.1308225493343928]
[30, 57, 1, 270, 0.14177308645386635]
[2, 32, 1, 270, 0.09041783620976498]
[5, 27, 0, 270, 0.011122804473659868]
[29, 47, 2, 270, -0.04465440332365919]
[20, 5, 1, 270, -0.03554796084186511]
[32, 5, 0, 270, -0.1108879369364222]
[28, 16, 1, 270, 0.21750779545838067]
[51, 61, 1, 270, -0.05877202923878349]
[16, 48, 1, 270, 0.019291733019578202]
[45, 25, 0, 270, 0.062581571477003]
[19, 42, 2, 270, 0.15124419190280716]
[1, 36, 0, 270, -0.17364723762664813]
[56, 6, 2, 270, -0.3473352050502334]
[29, 56, 2, 270, 0.2414258858617923]
[41, 19, 0, 270, -0.04059022833941834]
[52, 19, 0, 270, 0.012121805804996427]
[9, 62, 2, 270, -0.2637891223423045]
[45, 41, 2, 270, 0.26137171231501305]
[42, 5, 2, 270, -0.22147410068145243]
[61, 53, 2, 270, -0.1278538839096334]
[39, 17, 1, 270, 0.15388272045322907]
[8, 26, 0, 270, -0.12000598521682528]
[25, 62, 1, 270, -0.2200851207527129]
[55, 21, 2, 270, 0.0896704643279083]
[8, 28, 1, 270, -0.24224354753215763]
[29, 28, 0, 270, 0.006122525480050193]
[11, 32, 1, 270, 0.1426603981330505]
[26, 3, 2, 270, -0.18836131962125505]
[50, 13, 1, 270, -0.19473238338086157]
[53, 41, 0, 270, 0.15604039174852688]
[17, 40, 2, 270, 0.06460586574000303]
[7, 59, 2, 270, 0.16875722309982827]
[38, 9, 2, 270, 0.2564927259097103]
[61, 52, 0, 270, -0.019213688566942697]
[30, 8, 0, 270, 0.15483702173324437]
[29, 47, 0, 270, -0.050650557359804504]
[17, 1, 0, 270, 0.0414797894843299]
[41, 38, 2, 270, -0.305949754143533]
[13, 4, 2, 270, 0.12332076129075677]
[5, 55, 1, 270, 0.0050865138565251745]
[59, 53, 2, 270, -0.1922323781725086]
[8, 5, 0, 270, -0.08837525587224962]
[25, 49, 0, 270, -0.07330173709593775]
[24, 15, 2, 270, -0.36342051317320917]
[37, 24, 2, 270, 0.36492427370518676]
[62, 18, 0, 270, 0.11983642663271013]
[38, 51, 0, 270, 0.06907516924040849]
[3, 56, 2, 270, 0.21857970490853976]
[39, 27, 0, 270, 0.005065899465203478]
[55, 56, 1, 270, 0.275023168459636]
[30, 23, 1, 270, 0.021279807209397844]
[46, 33, 0, 270, 0.18453333811694786]
[28, 0, 1, 270, 0.18921821786012252]
[19, 25, 0, 270, 0.07125857882357878]
[8, 11, 2, 270, -0.2651533796689066]
[39, 28, 2, 270, 0.0792731456501482]
[10, 50, 1, 270, -0.07205962387205725]
[16, 43, 2, 270, -0.25865431432203445]
[30, 16, 2, 270, 0.275023168459636]
[58, 36, 1, 270, -0.08780130327260481]
[13, 40, 1, 270, 0.21288518713445503]
[37, 46, 0, 270, -0.04456388994800352]
[56, 38, 2, 270, -0.28399201880296976]
[40, 39, 2, 270, -0.3299808157871456]
[53, 27, 0, 270, 0.09302993945228086]
[13, 29, 0, 270, -0.002024294262999943]
[31, 53, 0, 270, -0.025232396962954616]
[29, 15, 0, 270, 0.06163190357517684]
[23, 21, 2, 270, -0.01417098900113737]
[46, 16, 1, 270, 0.2667585174840306]
[8, 61, 1, 270, -0.23846203604515465]
[14, 35, 0, 270, 0.07285590559069689]
[36, 28, 0, 270, -0.04147978948432986]
[41, 20, 0, 270, -0.08301848151472684]
[4, 5, 0, 270, -0.08053992070485369]
[8, 15, 1, 270, -0.26628280520119835]
[40, 30, 0, 270, -0.09469830944446656]
[62, 51, 0, 270, 0.023307157612379784]
[35, 25, 2, 270, 0.2196260528427739]
[28, 40, 1, 270, 0.1758804645681516]
[51, 27, 2, 270, -0.002024294262999943]
[10, 6, 2, 270, -0.2807962319056477]
[40, 43, 2, 270, -0.2508342719448521]
[45, 51, 0, 270, 0.1485916657879605]
[15, 36, 1, 270, 0.03428762387992709]
[57, 61, 0, 270, -0.11408262320697013]
[27, 33, 2, 270, 0.1888252099626436]
[61, 19, 1, 270, 0.14767699484587016]
[32, 44, 0, 270, -0.0885556366642739]
[13, 32, 1, 270, 0.2816053794266408]
[41, 34, 2, 270, -0.12321347937239698]
[6, 14, 1, 270, -0.10156234221185888]
[44, 15, 1, 270, -0.048918821497419294]
[6, 24, 2, 270, 0.34809566147058657]
[16, 35, 2, 270, -0.21500570516609263]
[9, 14, 1, 270, -0.22824829406030522]
[56, 7, 0, 270, -0.08301848151472684]
[23, 26, 2, 270, 0.26547570252392766]
[57, 22, 2, 270, -0.24244612086974307]
[51, 21, 1, 270, -0.08148065475470659]
[25, 44, 0, 270, -0.16840945857928677]
[38, 25, 0, 270, 0.08352704233158303]
[46, 24, 2, 270, 0.30006332056884755]
[2, 59, 1, 270, -0.08948760338330516]
[13, 60, 0, 270, 0.041733265511545006]
[7, 21, 2, 270, 0.01613043110911074]
[51, 4, 0, 270, -0.04262213993480501]
[24, 27, 2, 270, -0.28119871544864977]
[3, 60, 0, 270, -0.05385912452012128]
[45, 11, 2, 270, 0.13055416049963348]
[41, 57, 0, 270, 0.027418035938275256]
[19, 4, 1, 270, -0.11613801743874107]
[41, 17, 0, 270, 0.0040322799183653574]
[9, 46, 2, 270, -0.2871565863287935]
[31, 53, 1, 270, -0.04288341087871241]
[47, 51, 2, 270, 0.1300206915256756]
[22, 17, 1, 270, 0.2540596310841238]
[37, 55, 0, 270, 0.012270554458058722]
[32, 44, 2, 270, -0.2770378037799035]
[2, 12, 2, 270, -0.25865431432203445]
[49, 7, 0, 270, -0.06555193981602216]
[19, 51, 0, 270, -0.03344711741501517]
[52, 30, 2, 270, -0.09171357005085207]
[27, 50, 0, 270, 0.08891862217331302]
[24, 48, 0, 270, -0.007106718625027751]
[18, 27, 2, 270, -0.14443031148561258]
[58, 29, 2, 270, -0.16614625110925238]
[40, 6, 0, 270, -0.07205962387205725]
[55, 16, 2, 270, 0.2927904487519645]
[53, 43, 0, 270, 0.0673112501034287]
[3, 33, 2, 270, 0.19104587846142773]
[42, 43, 0, 270, -0.14621070890783872]
[23, 18, 0, 270, 0.06907516924040849]
[46, 34, 0, 270, 0.03025116004897168]
[2, 48, 2, 270, 0.11338665968239409]
[37, 24, 2, 270, 0.31945851324954244]
[5, 3, 1, 270, 0.04350568849481485]
[21, 58, 2, 270, 0.2023104349914419]
[13, 21, 1, 270, -0.045624335732572394]
[62, 43, 1, 270, 0.09208584804105807]
[23, 8, 1, 270, 0.2645923353664415]
[27, 39, 0, 270, -0.060803566047393495]
[52, 45, 1, 270, -0.09992475440067299]
[56, 43, 0, 270, -0.1485580523425696]
[4, 58, 2, 270, 0.1518128614244585]
[43, 14, 2, 270, -0.1926312003953224]
[7, 8, 0, 270, 0.04978728929539123]
[15, 28, 1, 270, 0.09338795357166751]
[55, 6, 0, 270, -0.0060729491510540575]
[60, 61, 0, 270, -0.028347671838272824]
[21, 28, 2, 270, 0.08930548869870945]
[53, 12, 0, 270, 0.006085267810127557]
[11, 41, 1, 270, 0.08208477442732916]
[41, 30, 1, 270, -0.19432899489589167]
[22, 54, 2, 270, -0.028347671838272824]
[33, 9, 2, 270, -0.06608588655424141]
[10, 52, 1, 270, -0.13207578752079338]
[12, 1, 1, 270, 0.25541281188299536]
[4, 17, 1, 270, 0.1447267760500814]
[30, 13, 1, 270, 0.016261595852780072]
[10, 62, 2, 270, -0.27940869234969923]
[7, 33, 0, 270, 0.054821588724913634]
[29, 24, 2, 270, 0.3179943833599984]
[41, 14, 1, 270, -0.3269038829999566]
[30, 10, 0, 270, 0.08225185673858042]
[41, 12, 0, 270, -0.10431211999487829]
[37, 49, 1, 270, 0.217128129246088]
[57, 61, 1, 270, -0.3068523384869056]
[53, 32, 2, 270, 0.3974649374349438]
[6, 19, 1, 270, 0.11361769803887165]
[13, 4, 1, 270, 0.10997469467340491]
[56, 0, 0, 270, 0.03239999661345782]
[56, 8, 1, 270, -0.005076185732009149]
[51, 36, 2, 270, -0.07191339824281123]
[57, 39, 1, 270, -0.2540705291976608]
[35, 3, 2, 270, -0.07191339824281123]
[53, 3, 0, 270, 0.07111354979603826]
[1, 17, 0, 270, -0.05697212967460886]
[25, 43, 0, 270, -0.12206007632343953]
[15, 5, 1, 270, 0.0070636896296053546]
[47, 1, 0, 270, 0.09508676603831995]
[36, 29, 2, 270, -0.14059522960763685]
[58, 18, 1, 270, 0.015137382123296152]
[61, 2, 2, 270, 0.227418418351123]
[32, 9, 1, 270, -0.05140474693311063]
[3, 58, 0, 270, -0.011145344949185926]
[49, 13, 2, 270, -0.21925248109318227]
[18, 56, 0, 270, 0.005076185732008954]
[34, 18, 0, 270, -0.020286758223583293]
[19, 4, 1, 270, -0.06608588655424141]
[33, 21, 1, 270, -0.2318916392646255]
[25, 9, 2, 270, -0.020286758223583293]
[4, 19, 2, 270, 0.09300920933764038]
[25, 23, 2, 270, -0.3060716982034292]
[20, 49, 2, 270, 0.22563732206972914]
[17, 43, 1, 270, -0.09859585963670295]
[58, 56, 0, 270, 0.13207578752079335]
[28, 41, 1, 270, 0.1367487187299122]
[34, 23, 1, 270, -0.18595245580793132]
[34, 3, 0, 270, -0.026321866742710837]
[20, 53, 1, 270, -0.14177308645386635]
[17, 3, 2, 270, -0.21962605284277362]
[42, 20, 1, 270, -0.14295372454670616]
[26, 15, 0, 270, -0.04368258571937376]
[41, 60, 0, 270, -0.13707821627894692]
[4, 27, 1, 270, 0.09674742869603986]
[29, 2, 0, 270, 0.139706340484637]
[46, 6, 0, 270, 0.046687035388729245]
[5, 60, 0, 270, 0.008080983978499061]
[62, 26, 1, 270, 0.19257992097370943]
[22, 38, 1, 270, -0.0479470038931339]
[2, 22, 1, 270, -0.2218431604641812]
[34, 42, 2, 270, 0.014257585154010507]
[1, 39, 2, 270, -0.25108143666438826]
[2, 0, 1, 270, 0.1470734894471865]
[48, 12, 2, 270, -0.26949825036634345]
[27, 49, 1, 270, 0.10700553387546857]
[49, 25, 2, 270, 0.026321866742711045]
[45, 29, 0, 270, -0.015260594517443438]
[57, 54, 0, 270, -0.1694571201383824]
[35, 20, 2, 270, -0.18166793944538068]
[26, 23, 1, 270, -0.18129169031244935]
[5, 27, 0, 270, 0.05278731274849564]
[22, 8, 0, 270, 0.14855805234256983]
[20, 48, 1, 270, 0.13910166424861856]
[37, 29, 1, 270, -0.034426549657681785]
[41, 40, 1, 270, 0.1049521857045484]
[51, 12, 2, 270, -0.07235386951348809]
[59, 46, 1, 270, -0.19432899489589167]
[40, 57, 1, 270, -0.016228605073690894]
[13, 46, 2, 270, -0.06973948177475961]
[31, 41, 0, 270, 0.06200828649159208]
[8, 60, 2, 270, -0.25758201268229436]
[18, 5, 2, 270, -0.3046328482896216]
[59, 25, 0, 270, 0.06882642185600953]
[53, 27, 2, 270, 0.2369925272724601]
[2, 24, 2, 270, 0.1447267760500814]
[6, 34, 0, 270, 0.07707533991362908]
[26, 10, 2, 270, -0.03129174315088382]
[50, 12, 0, 270, -0.07235386951348809]
[29, 18, 0, 270, 0.10833551840429614]
[42, 23, 0, 270, -0.10973353829245039]
[13, 16, 1, 270, 0.24305987424410033]
[28, 18, 0, 270, 0.09227312590803287]
[42, 6, 0, 270, -0.03660170201164752]
[9, 43, 0, 270, -0.06092720498934428]
[3, 22, 1, 270, -0.10952678303134239]
[57, 30, 0, 270, -0.13433956266308292]
[37, 16, 2, 270, 0.2796088889899599]
